(list
(list 67 84 66 87)
(list 70 70 40 69)
(list 32 77 31 78)
(list 10 84 11 96)
(list 15 95 14 94)
(list 53 55 48 54)
(list 40 92 39 93)
(list 67 91 66 66)
(list 74 99 74 98)
(list 2 49 50 86)
(list 3 95 32 94)
(list 22 68 7 23)
(list 28 28 27 58)
(list 35 71 70 71)
(list 12 13 13 61)
(list 78 78 53 78)
(list 98 99 69 89)
(list 3 94 3 94)
(list 13 27 12 13)
(list 49 97 50 90)
(list 35 61 36 62)
(list 14 14 15 96)
(list 46 84 84 84)
(list 53 77 13 50)
(list 55 93 55 92)
(list 71 71 40 72)
(list 95 97 3 96)
(list 7 98 8 98)
(list 17 98 16 97)
(list 47 62 46 62)
(list 58 98 57 59)
(list 19 74 18 75)
(list 85 86 84 88)
(list 10 98 10 98)
(list 4 83 84 84)
(list 47 85 46 84)
(list 91 95 5 91)
(list 9 42 9 41)
(list 1 94 93 95)
(list 31 90 90 91)
(list 1 94 94 96)
(list 36 70 35 71)
(list 72 79 72 79)
(list 42 42 42 89)
(list 7 81 6 81)
(list 5 7 4 8)
(list 7 97 7 98)
(list 22 81 80 82)
(list 3 91 90 90)
(list 1 98 2 97)
(list 54 54 55 78)
(list 31 44 31 51)
(list 26 63 25 43)
(list 34 96 34 95)
(list 43 64 28 71)
(list 84 86 8 85)
(list 10 11 11 84)
(list 15 48 16 47)
(list 34 80 35 80)
(list 10 69 10 70)
(list 89 89 79 88)
(list 41 92 71 85)
(list 45 61 17 44)
(list 6 88 3 48)
(list 48 87 26 88)
(list 24 47 45 58)
(list 44 52 44 60)
(list 22 74 12 65)
(list 12 13 13 99)
(list 1 80 19 80)
(list 42 55 43 49)
(list 1 24 23 65)
(list 24 81 23 99)
(list 28 79 29 79)
(list 3 4 4 74)
(list 41 70 69 69)
(list 4 46 47 76)
(list 31 73 32 74)
(list 62 63 62 62)
(list 22 59 2 23)
(list 66 69 52 69)
(list 15 61 3 4)
(list 22 48 39 43)
(list 93 97 94 96)
(list 35 35 21 36)
(list 52 76 39 76)
(list 1 13 1 96)
(list 90 96 1 92)
(list 26 69 25 63)
(list 22 58 10 58)
(list 24 88 89 89)
(list 38 77 38 78)
(list 4 58 51 58)
(list 57 82 58 83)
(list 10 25 11 25)
(list 73 95 73 96)
(list 80 91 79 96)
(list 3 81 5 80)
(list 24 82 97 99)
(list 2 59 58 60)
(list 7 70 70 72)
(list 83 83 36 84)
(list 3 16 17 97)
(list 15 96 87 99)
(list 34 56 9 56)
(list 2 55 13 55)
(list 80 97 35 80)
(list 4 98 3 51)
(list 75 86 76 85)
(list 21 82 21 83)
(list 30 31 30 62)
(list 69 79 68 92)
(list 6 80 5 6)
(list 20 81 20 82)
(list 62 74 62 63)
(list 90 90 79 89)
(list 79 79 37 79)
(list 2 3 2 98)
(list 60 61 45 61)
(list 42 84 9 85)
(list 32 72 12 72)
(list 63 98 24 64)
(list 2 95 3 81)
(list 39 41 14 40)
(list 13 33 14 14)
(list 3 93 6 93)
(list 31 71 30 30)
(list 36 92 35 92)
(list 22 78 77 77)
(list 6 7 7 87)
(list 57 57 22 57)
(list 36 79 21 73)
(list 18 84 1 93)
(list 70 70 26 70)
(list 70 72 65 68)
(list 4 90 5 89)
(list 35 98 34 98)
(list 9 58 14 58)
(list 71 71 19 70)
(list 64 99 64 98)
(list 51 80 50 51)
(list 14 52 13 52)
(list 9 78 2 8)
(list 8 72 8 73)
(list 27 82 28 81)
(list 6 85 85 85)
(list 20 86 93 99)
(list 8 94 7 95)
(list 2 4 3 95)
(list 24 45 44 45)
(list 40 41 41 87)
(list 30 97 96 98)
(list 21 23 22 51)
(list 58 85 40 68)
(list 43 62 2 43)
(list 29 31 30 97)
(list 2 95 3 99)
(list 2 93 3 3)
(list 36 95 36 96)
(list 55 56 56 90)
(list 26 95 25 94)
(list 84 92 85 91)
(list 22 70 69 69)
(list 10 74 4 40)
(list 23 24 23 28)
(list 73 75 74 82)
(list 71 82 4 90)
(list 59 77 43 78)
(list 29 48 47 47)
(list 12 19 17 17)
(list 14 44 6 15)
(list 4 83 62 84)
(list 21 48 3 49)
(list 7 8 7 63)
(list 65 65 64 88)
(list 2 4 3 92)
(list 27 41 27 54)
(list 17 66 6 79)
(list 7 37 37 37)
(list 6 28 29 86)
(list 24 24 24 38)
(list 67 94 93 95)
(list 4 84 36 84)
(list 98 98 4 97)
(list 5 66 4 5)
(list 14 45 15 44)
(list 82 94 82 95)
(list 24 24 24 25)
(list 54 68 68 68)
(list 61 69 68 86)
(list 40 63 40 62)
(list 10 53 11 11)
(list 18 25 60 67)
(list 18 79 17 78)
(list 52 99 52 55)
(list 7 16 2 16)
(list 3 96 99 99)
(list 55 57 56 81)
(list 3 63 63 63)
(list 5 23 4 42)
(list 10 94 2 93)
(list 64 79 4 99)
(list 52 94 10 94)
(list 75 99 69 76)
(list 40 98 51 97)
(list 15 55 15 54)
(list 68 68 25 69)
(list 44 95 43 99)
(list 33 36 13 34)
(list 35 88 36 87)
(list 1 8 6 53)
(list 23 80 45 80)
(list 59 87 59 90)
(list 34 38 33 47)
(list 6 11 7 12)
(list 73 73 56 74)
(list 18 59 59 60)
(list 89 89 38 89)
(list 2 26 27 85)
(list 79 79 43 80)
(list 15 33 32 32)
(list 32 33 32 89)
(list 98 99 54 99)
(list 6 84 3 62)
(list 20 34 15 27)
(list 35 36 36 90)
(list 12 44 11 43)
(list 3 3 2 38)
(list 16 85 15 90)
(list 30 60 58 64)
(list 8 99 7 15)
(list 25 50 26 26)
(list 23 23 22 87)
(list 43 58 44 70)
(list 13 32 17 23)
(list 16 72 17 27)
(list 5 83 6 82)
(list 28 34 29 29)
(list 32 96 33 97)
(list 4 27 5 27)
(list 25 72 25 25)
(list 95 97 18 95)
(list 69 91 69 84)
(list 2 91 90 92)
(list 9 78 9 84)
(list 26 26 25 55)
(list 78 94 78 95)
(list 5 92 4 6)
(list 16 98 16 99)
(list 40 90 41 96)
(list 4 95 4 20)
(list 4 99 4 98)
(list 99 99 6 28)
(list 7 95 94 96)
(list 13 18 17 19)
(list 25 69 20 22)
(list 80 90 7 77)
(list 6 6 10 89)
(list 72 80 78 88)
(list 3 63 11 89)
(list 45 76 44 46)
(list 45 89 90 96)
(list 21 59 20 58)
(list 80 81 10 81)
(list 21 23 22 84)
(list 35 73 26 36)
(list 77 86 78 86)
(list 3 67 1 96)
(list 26 41 25 27)
(list 15 63 14 69)
(list 16 48 16 47)
(list 11 83 6 83)
(list 1 41 2 24)
(list 89 99 89 98)
(list 70 75 47 83)
(list 10 80 11 81)
(list 25 34 33 35)
(list 52 61 51 62)
(list 2 3 4 99)
(list 46 87 43 86)
(list 84 85 84 84)
(list 16 85 17 85)
(list 7 37 7 61)
(list 16 22 15 50)
(list 4 14 3 16)
(list 77 87 76 77)
(list 43 45 44 47)
(list 3 4 4 61)
(list 13 27 13 66)
(list 12 86 11 87)
(list 81 83 12 82)
(list 28 84 29 32)
(list 1 92 91 91)
(list 32 33 33 33)
(list 42 80 45 65)
(list 22 98 2 98)
(list 10 97 21 97)
(list 2 90 2 91)
(list 3 67 2 66)
(list 6 43 2 5)
(list 41 70 70 70)
(list 2 96 2 39)
(list 24 28 27 32)
(list 56 91 92 94)
(list 38 38 38 39)
(list 3 92 92 92)
(list 6 7 6 85)
(list 11 11 10 97)
(list 38 42 39 42)
(list 49 68 67 95)
(list 79 80 23 80)
(list 14 71 13 70)
(list 98 99 6 99)
(list 74 92 91 91)
(list 35 82 35 81)
(list 8 80 8 80)
(list 84 84 49 85)
(list 12 45 11 46)
(list 31 66 30 67)
(list 27 78 25 35)
(list 11 45 11 73)
(list 5 93 4 98)
(list 19 49 20 49)
(list 13 21 14 22)
(list 18 59 29 59)
(list 49 51 48 52)
(list 36 68 68 73)
(list 14 97 98 99)
(list 5 70 5 71)
(list 48 54 52 52)
(list 13 38 47 55)
(list 67 67 32 67)
(list 95 99 3 94)
(list 44 97 45 90)
(list 16 91 17 92)
(list 29 93 92 92)
(list 12 34 12 33)
(list 87 92 87 93)
(list 59 73 62 77)
(list 58 74 73 74)
(list 19 75 74 75)
(list 77 79 79 87)
(list 27 27 27 47)
(list 95 99 5 96)
(list 11 77 77 77)
(list 79 98 61 84)
(list 1 78 2 77)
(list 2 95 2 96)
(list 29 60 29 61)
(list 14 79 13 80)
(list 2 48 47 49)
(list 2 5 4 63)
(list 7 87 8 86)
(list 3 69 9 70)
(list 82 82 37 83)
(list 61 70 61 66)
(list 83 94 6 84)
(list 13 39 13 40)
(list 3 83 1 91)
(list 85 89 84 89)
(list 15 94 2 5)
(list 60 75 4 83)
(list 25 86 24 26)
(list 5 5 4 75)
(list 4 99 3 97)
(list 67 82 82 91)
(list 12 66 13 13)
(list 12 72 13 71)
(list 11 81 12 43)
(list 16 29 15 28)
(list 87 88 14 88)
(list 1 91 87 92)
(list 3 4 4 49)
(list 16 33 17 34)
(list 10 94 11 11)
(list 70 70 33 71)
(list 51 52 50 82)
(list 14 67 13 15)
(list 22 89 22 88)
(list 55 61 16 60)
(list 3 87 89 89)
(list 36 65 29 66)
(list 48 68 48 68)
(list 28 28 10 27)
(list 18 68 93 95)
(list 50 94 49 93)
(list 10 58 9 9)
(list 20 21 21 43)
(list 16 97 17 98)
(list 20 94 93 93)
(list 15 69 68 81)
(list 84 84 42 85)
(list 83 92 91 91)
(list 5 81 6 90)
(list 71 73 26 72)
(list 4 26 3 56)
(list 50 51 49 51)
(list 72 76 76 76)
(list 8 47 9 46)
(list 2 86 1 85)
(list 95 95 76 94)
(list 44 69 43 70)
(list 86 94 7 85)
(list 38 69 38 39)
(list 96 96 6 97)
(list 17 84 13 38)
(list 17 69 80 86)
(list 35 89 53 88)
(list 83 93 84 87)
(list 98 98 92 98)
(list 59 60 21 60)
(list 87 89 56 88)
(list 31 90 5 75)
(list 65 94 9 91)
(list 26 59 25 26)
(list 1 97 54 60)
(list 45 99 2 99)
(list 2 97 1 98)
(list 36 92 91 93)
(list 7 97 30 97)
(list 19 88 19 88)
(list 8 96 95 98)
(list 46 48 26 47)
(list 18 99 17 96)
(list 45 61 44 46)
(list 3 98 4 91)
(list 1 2 2 41)
(list 14 22 13 21)
(list 55 56 40 56)
(list 5 49 5 6)
(list 37 40 37 41)
(list 15 72 15 48)
(list 43 57 42 99)
(list 48 68 49 67)
(list 39 40 40 81)
(list 3 82 2 14)
(list 68 94 67 68)
(list 79 79 2 79)
(list 1 83 1 84)
(list 49 50 14 50)
(list 80 82 81 86)
(list 99 99 72 97)
(list 34 73 35 72)
(list 39 56 54 56)
(list 5 64 6 63)
(list 30 66 94 94)
(list 33 73 32 74)
(list 85 99 12 99)
(list 6 97 3 52)
(list 6 97 28 99)
(list 72 97 28 73)
(list 11 61 1 59)
(list 25 45 26 68)
(list 4 5 5 5)
(list 40 89 89 89)
(list 97 99 90 97)
(list 32 80 32 50)
(list 16 97 42 96)
(list 42 72 71 73)
(list 4 89 34 53)
(list 34 71 35 72)
(list 2 89 4 88)
(list 12 12 12 44)
(list 69 89 88 90)
(list 1 99 2 2)
(list 6 76 30 76)
(list 8 13 14 82)
(list 20 23 23 23)
(list 50 81 50 81)
(list 7 73 8 73)
(list 6 40 7 47)
(list 9 64 31 58)
(list 42 74 42 75)
(list 11 80 79 81)
(list 89 89 88 89)
(list 5 78 2 3)
(list 7 93 2 94)
(list 97 99 6 97)
(list 5 92 2 93)
(list 34 39 72 94)
(list 53 83 50 90)
(list 7 8 8 70)
(list 63 64 3 64)
(list 68 69 69 70)
(list 26 57 26 54)
(list 2 2 1 97)
(list 36 66 36 59)
(list 13 64 23 63)
(list 24 24 23 61)
(list 64 64 44 64)
(list 62 64 63 63)
(list 88 90 89 90)
(list 9 10 10 98)
(list 33 95 33 96)
(list 8 92 8 91)
(list 57 72 20 57)
(list 10 21 20 56)
(list 30 31 31 49)
(list 81 89 57 89)
(list 89 99 9 99)
(list 8 75 7 97)
(list 7 91 7 92)
(list 46 78 77 99)
(list 53 97 69 76)
(list 3 71 4 72)
(list 10 47 15 46)
(list 13 47 12 46)
(list 26 52 27 51)
(list 14 15 14 63)
(list 6 94 1 5)
(list 6 36 7 35)
(list 54 57 54 58)
(list 14 57 56 58)
(list 72 79 43 79)
(list 6 95 95 99)
(list 9 9 8 73)
(list 39 39 39 39)
(list 76 91 65 92)
(list 80 83 14 80)
(list 40 49 40 50)
(list 4 98 4 98)
(list 57 64 64 64)
(list 44 45 42 66)
(list 5 94 3 94)
(list 29 57 29 57)
(list 42 72 42 73)
(list 28 29 28 84)
(list 13 46 15 61)
(list 14 47 15 48)
(list 24 31 24 33)
(list 54 55 53 98)
(list 10 42 9 95)
(list 66 66 15 66)
(list 67 80 52 81)
(list 4 11 1 12)
(list 6 78 5 79)
(list 71 79 72 80)
(list 59 90 4 59)
(list 34 35 35 96)
(list 7 95 7 94)
(list 32 98 32 32)
(list 36 57 56 56)
(list 65 71 65 71)
(list 89 94 95 95)
(list 10 95 10 95)
(list 4 6 5 49)
(list 12 87 13 86)
(list 3 96 96 96)
(list 16 83 15 84)
(list 1 72 1 99)
(list 53 86 21 85)
(list 34 94 34 86)
(list 37 70 8 90)
(list 54 54 54 94)
(list 5 99 3 3)
(list 96 96 11 96)
(list 15 45 13 16)
(list 2 98 1 99)
(list 44 70 45 68)
(list 96 97 96 97)
(list 19 58 57 85)
(list 33 33 8 32)
(list 26 31 26 77)
(list 3 92 92 92)
(list 15 96 83 92)
(list 4 91 4 4)
(list 97 97 17 97)
(list 87 99 28 86)
(list 22 99 22 23)
(list 60 83 60 61)
(list 41 48 44 85)
(list 51 78 3 52)
(list 21 86 3 85)
(list 1 33 2 2)
(list 3 80 73 96)
(list 16 19 8 20)
(list 18 97 64 97)
(list 72 73 3 73)
(list 3 96 95 95)
(list 6 89 7 97)
(list 43 43 42 63)
(list 70 70 61 69)
(list 20 29 21 29)
(list 38 93 93 94)
(list 65 66 35 66)
(list 92 94 3 93)
(list 13 34 33 67)
(list 22 31 22 32)
(list 2 27 2 26)
(list 42 97 2 97)
(list 35 66 15 36)
(list 16 60 2 17)
(list 46 88 47 93)
(list 58 71 72 72)
(list 84 86 10 85)
(list 12 13 12 87)
(list 5 98 98 98)
(list 3 88 4 90)
(list 58 83 64 83)
(list 20 65 20 95)
(list 4 32 1 92)
(list 23 94 23 95)
(list 1 88 3 87)
(list 19 20 19 62)
(list 3 97 99 99)
(list 52 58 21 53)
(list 30 73 72 73)
(list 5 92 4 91)
(list 7 95 4 7)
(list 69 79 2 70)
(list 19 83 20 20)
(list 56 96 18 96)
(list 64 66 22 66)
(list 43 89 44 89)
(list 50 82 73 75)
(list 62 72 63 71)
(list 19 98 20 98)
(list 19 97 19 98)
(list 32 83 32 33)
(list 2 67 2 67)
(list 59 88 4 88)
(list 1 1 3 88)
(list 46 48 47 96)
(list 10 54 11 11)
(list 11 78 17 77)
(list 3 89 95 98)
(list 8 70 26 26)
(list 18 56 55 55)
(list 16 25 16 20)
(list 2 89 2 89)
(list 59 71 61 70)
(list 7 64 7 8)
(list 20 78 4 20)
(list 8 51 7 50)
(list 34 70 36 70)
(list 1 98 1 97)
(list 4 7 5 8)
(list 1 75 2 86)
(list 12 69 68 70)
(list 21 97 99 99)
(list 47 59 52 53)
(list 18 36 9 37)
(list 6 15 7 10)
(list 8 30 13 29)
(list 2 56 55 57)
(list 64 95 88 95)
(list 97 99 48 88)
(list 3 44 24 62)
(list 29 78 29 66)
(list 96 96 58 95)
(list 10 88 9 85)
(list 87 87 2 88)
(list 5 98 97 98)
(list 3 94 2 89)
(list 17 54 18 53)
(list 18 23 12 23)
(list 11 97 8 10)
(list 97 98 23 96)
(list 1 94 93 93)
(list 33 65 32 34)
(list 91 95 62 90)
(list 19 49 18 48)
(list 74 97 1 96)
(list 50 98 51 98)
(list 77 99 84 90)
(list 2 91 1 92)
(list 15 69 14 68)
(list 21 96 96 99)
(list 61 91 92 92)
(list 8 31 23 28)
(list 88 88 89 90)
(list 61 62 60 62)
(list 59 60 59 74)
(list 19 75 19 75)
(list 8 99 8 9)
(list 23 65 23 66)
(list 8 42 9 12)
(list 15 90 15 90)
(list 3 3 2 30)
(list 1 86 85 86)
(list 11 93 11 94)
(list 35 66 34 34)
(list 7 35 71 93)
(list 80 81 68 81)
(list 21 99 21 98)
(list 45 97 45 94)
(list 13 41 13 40)
(list 20 93 20 94)
(list 14 89 4 90)
(list 50 86 50 87)
(list 69 87 68 70)
(list 3 98 2 98)
(list 19 34 33 35)
(list 4 4 4 13)
(list 96 97 19 97)
(list 1 53 53 54)
(list 23 36 23 37)
(list 83 97 98 99)
(list 88 91 2 89)
(list 6 73 7 99)
(list 86 98 11 86)
(list 66 66 64 68)
(list 41 69 68 70)
(list 18 98 17 19)
(list 6 37 2 37)
(list 36 64 35 65)
(list 3 3 2 95)
(list 11 87 86 87)
(list 8 67 8 86)
(list 11 67 10 68)
(list 20 92 67 92)
(list 29 80 7 12)
(list 20 41 40 41)
(list 4 5 4 19)
(list 18 70 17 71)
(list 11 87 88 88)
(list 24 59 10 97)
(list 51 73 33 52)
(list 49 86 48 87)
(list 27 93 66 93)
(list 16 83 84 86)
(list 13 53 28 77)
(list 40 88 35 96)
(list 26 27 25 27)
(list 46 99 46 47)
(list 20 81 21 80)
(list 23 98 22 24)
(list 95 95 63 96)
(list 48 49 9 49)
(list 23 51 12 18)
(list 34 87 34 88)
(list 74 74 10 75)
(list 10 96 7 88)
(list 3 43 17 68)
(list 40 60 41 71)
(list 6 20 5 7)
(list 79 94 18 50)
(list 46 83 82 83)
(list 28 97 96 96)
(list 18 73 74 74)
(list 46 98 33 99)
(list 85 90 83 85)
(list 32 90 91 94)
(list 95 97 45 95)
(list 44 76 44 77)
(list 51 86 51 52)
(list 71 73 20 72)
(list 65 75 64 65)
(list 5 5 6 98)
(list 87 89 88 90)
(list 29 68 67 88)
(list 79 85 51 85)
(list 12 18 18 18)
(list 12 61 12 44)
(list 8 25 11 24)
(list 50 59 23 58)
(list 41 92 40 92)
(list 30 95 30 96)
(list 30 60 39 74)
(list 4 99 4 98)
(list 56 65 57 64)
(list 76 76 5 75)
(list 69 96 68 69)
(list 48 88 48 96)
(list 2 24 1 15)
(list 9 69 9 76)
(list 27 86 1 14)
(list 68 99 67 97)
(list 72 73 3 73)
(list 36 71 18 36)
(list 40 40 12 39)
(list 11 95 8 12)
(list 30 46 45 46)
(list 4 23 11 25)
(list 10 64 12 41)
(list 21 65 65 65)
(list 75 98 86 86)
(list 10 12 11 78)
(list 22 83 21 83)
(list 84 86 77 85)
(list 65 88 10 65)
(list 80 85 25 29)
(list 13 74 12 14)
(list 82 83 83 91)
(list 86 87 61 87)
(list 3 29 26 52)
(list 13 35 12 36)
(list 38 82 38 83)
(list 5 5 4 98)
(list 15 16 16 65)
(list 24 64 29 65)
(list 36 79 29 80)
(list 54 62 53 55)
(list 15 16 15 92)
(list 42 44 43 88)
(list 9 98 9 97)
(list 8 79 45 80)
(list 24 96 20 98)
(list 5 37 4 6)
(list 37 38 38 86)
(list 72 74 24 73)
(list 47 47 37 47)
(list 9 92 8 8)
(list 52 52 52 57)
(list 68 84 80 99)
(list 31 71 32 70)
(list 10 81 9 81)
(list 80 81 28 81)
(list 12 98 13 98)
(list 8 11 9 10)
(list 11 60 12 12)
(list 6 90 6 91)
(list 24 55 23 55)
(list 7 33 92 98)
(list 31 51 32 50)
(list 50 50 13 49)
(list 62 70 20 69)
(list 2 66 66 66)
(list 42 61 10 95)
(list 89 89 6 88)
(list 35 66 34 35)
(list 73 93 10 72)
(list 91 95 59 91)
(list 15 25 23 32)
(list 22 95 22 92)
(list 1 14 4 91)
(list 57 61 57 64)
(list 43 44 43 94)
(list 68 83 69 84)
(list 61 61 3 61)
(list 7 61 8 14)
(list 8 42 8 41)
(list 77 87 77 88)
(list 64 82 18 73)
(list 25 85 26 26)
(list 37 37 36 37)
(list 71 73 16 71)
(list 72 76 49 76)
(list 39 87 40 86)
(list 24 93 25 59)
(list 78 86 79 83)
(list 22 24 23 81)
(list 36 90 89 91)
(list 3 45 5 81)
(list 13 91 14 14)
(list 58 68 43 79)
(list 15 25 24 25)
(list 11 19 12 18)
(list 37 81 32 62)
(list 43 92 93 93)
(list 78 82 46 76)
(list 92 97 96 96)
(list 90 93 43 90)
(list 15 95 3 96)
(list 15 45 15 46)
(list 66 66 66 72)
(list 12 12 10 13)
(list 64 68 63 69)
(list 67 73 66 74)
(list 13 97 2 10)
(list 1 96 1 95)
(list 4 56 56 56)
(list 7 94 8 46)
(list 83 85 4 84)
(list 68 68 12 68)
(list 8 28 9 27)
(list 11 70 10 69)
(list 31 57 31 70)
(list 10 51 8 52)
(list 7 64 7 63)
(list 44 49 43 58)
(list 25 43 41 42)
(list 44 44 43 92)
(list 61 88 39 62)
(list 5 64 5 5)
(list 37 42 43 43)
(list 52 96 57 97)
(list 98 99 92 95)
(list 4 14 3 97)
(list 26 96 27 96)
(list 57 77 63 77)
(list 25 79 78 96)
(list 20 40 21 58)
(list 42 90 42 91)
(list 26 37 26 38)
(list 37 41 42 62)
(list 3 84 2 4)
(list 20 96 45 99)
(list 8 57 20 56)
(list 21 94 20 21)
(list 66 91 65 84)
(list 2 97 1 95)
(list 3 60 2 3)
(list 2 50 3 79)
(list 2 92 2 92)
(list 15 16 15 22)
(list 1 2 3 88)
(list 3 91 79 90)
(list 34 37 37 68)
(list 9 85 89 92)
(list 77 93 29 31)
(list 31 31 11 30)
(list 10 19 10 32)
(list 5 93 6 30)
(list 57 78 76 90)
(list 34 35 34 73)
(list 31 67 11 68)
(list 6 80 6 6)
(list 36 43 42 44)
(list 45 90 46 90)
(list 5 6 5 66)
(list 19 26 18 40)
(list 33 99 32 34)
(list 7 83 82 87)
(list 45 58 57 57)
(list 2 62 1 63)
(list 5 97 99 99)
(list 2 90 91 91)
(list 39 40 40 61)
(list 57 75 25 75)
(list 1 80 1 43)
(list 10 36 35 99)
(list 17 34 35 35)
(list 66 84 34 84)
(list 77 77 31 77)
(list 14 47 14 78)
(list 54 58 22 93)
(list 92 92 5 92)
(list 74 91 75 95)
(list 2 98 97 99)
(list 44 44 43 43)
(list 8 98 97 97)
(list 36 36 25 37)
(list 81 82 79 85)
(list 38 54 88 94)
(list 18 97 7 97)
(list 12 73 12 72)
(list 62 62 2 63)
(list 2 3 3 78)
(list 73 79 47 73)
(list 31 74 31 75)
(list 2 59 3 8)
(list 30 77 5 29)
(list 30 82 30 85)
(list 6 99 6 99)
(list 41 81 81 99)
(list 30 57 25 58)
(list 82 83 23 83)
(list 22 36 21 37)
(list 8 85 9 9)
(list 25 36 25 26)
(list 10 82 81 82)
(list 65 93 65 65)
(list 21 75 22 75)
(list 95 98 47 96)
(list 42 68 41 69)
(list 96 97 43 96)
(list 1 2 2 99)
(list 56 77 42 56)
(list 56 66 58 66)
(list 95 95 1 95)
(list 60 71 61 72)
(list 42 79 7 69)
(list 4 6 5 73)
(list 39 88 27 40)
(list 28 62 27 63)
(list 21 99 3 22)
(list 15 65 60 73)
(list 52 98 51 52)
(list 3 98 97 97)
(list 30 43 29 42)
(list 31 70 30 71)
(list 26 85 84 86)
(list 45 90 3 90)
(list 53 57 52 58)
(list 59 86 85 87)
(list 41 43 42 78)
(list 5 89 7 89)
(list 76 93 94 94)
(list 3 97 1 98)
(list 31 72 6 72)
(list 5 90 4 89)
(list 12 62 17 62)
(list 6 7 7 47)
(list 24 55 9 17)
(list 17 60 59 59)
(list 63 76 62 65)
(list 3 77 4 34)
(list 17 52 17 18)
(list 63 99 88 98)
(list 2 42 16 35)
(list 85 85 17 85)
(list 25 38 10 38)
(list 16 17 17 86)
(list 50 89 42 89)
(list 47 98 97 98)
(list 9 63 10 10)
(list 16 46 15 16)
(list 41 60 94 94)
(list 28 60 3 29))
